SUBJID	PEER1	PEER2	PEER3	PEER4	PEER5	PEER6	PEER7	PEER8	PEER9	PEER10	PEER11	PEER12	PEER13	PEER14	PEER15
GTEX-1122O-1226-SM-5H113_PDUI	-0.0492677465081215	3.2578961395302e-07	1.38478640110407e-07	1.88288623803601e-07	7.62015375244118e-08	1.3798224074435e-07	-1.88985254112595e-08	8.36397440195924e-09	2.48223841481376e-08	-1.49963170770206e-08	1.53002499558852e-09	-4.00872135486452e-09	3.36450423077395e-09	3.83121623315219e-09	5.54326629043089e-09
GTEX-11EM3-1326-SM-5N9C6_PDUI	-0.0491172075271606	2.61696413872414e-07	7.49767359309317e-09	2.21358021690321e-07	7.4314137066267e-08	1.389971515664e-07	-1.790103709709e-08	9.51135437077255e-09	2.5312482776485e-08	-1.51680588089675e-08	1.64378843869883e-09	-4.00663369148901e-09	3.23346971420335e-09	3.6703580175157e-09	5.64744206954515e-09
GTEX-11EMC-2026-SM-5A5JV_PDUI	-0.0493536330759525	4.67192080577661e-07	3.4921924907394e-07	1.3516626040655e-07	7.0999234935698e-08	1.42021377769197e-07	-1.92914235697117e-08	6.9442083194815e-09	2.42607374190129e-08	-1.46601406569857e-08	1.38028777296739e-09	-4.00150534929367e-09	3.52777917989044e-09	4.06728783985955e-09	5.37007638357068e-09
GTEX-11GSP-0926-SM-9WYSG_PDUI	-0.0491953417658806	5.4469569477078e-07	1.48612471662091e-07	1.17780238895193e-07	7.47819228763547e-08	1.39127777742942e-07	-1.76648295990844e-08	8.55455795090165e-09	2.40221655900541e-08	-1.48494843088542e-08	1.48778234176916e-09	-3.942738580065e-09	3.17220538725849e-09	3.90698406960155e-09	5.48243050957353e-09
GTEX-11I78-2226-SM-5PNYA_PDUI	-0.0496918000280857	4.86944429667346e-07	1.72869690118205e-07	1.25946172602198e-07	7.93284868905175e-08	1.37677261591307e-07	-1.89631279567948e-08	8.38268654490548e-09	2.4238813622901e-08	-1.49542529470637e-08	1.48841006186728e-09	-3.9784100458462e-09	3.30148730576241e-09	3.95055810287204e-09	5.52064882697323e-09
GTEX-11P81-1926-SM-5BC53_PDUI	-0.0489879176020622	5.94338075643464e-07	1.77147114754916e-07	1.60832001938616e-07	7.47176827076146e-08	1.39528353315654e-07	-1.75011418690474e-08	7.81498954438575e-09	2.41727668992553e-08	-1.47406895578683e-08	1.59739677041415e-09	-4.01858635257213e-09	3.17388582082856e-09	3.95165722366642e-09	5.47215117663313e-09
GTEX-11ZTT-2326-SM-5EQLG_PDUI	-0.0499414056539536	5.13960742409836e-07	2.28568026727771e-07	1.01208435410172e-07	8.39705052158024e-08	1.37044310122292e-07	-1.90173476966038e-08	7.83962228467772e-09	2.39700188586767e-08	-1.49898493617684e-08	1.39623823613988e-09	-3.97219546144356e-09	3.35023453423844e-09	4.0274037438337e-09	5.4795119552864e-09
GTEX-1211K-1926-SM-5EQLB_PDUI	-0.049389012157917	2.26817391535405e-08	1.72010118149046e-07	1.98695673248039e-07	7.92534251559118e-08	1.38992504616908e-07	-1.97967278126043e-08	7.96477550579766e-09	2.53684966367018e-08	-1.51587258301333e-08	1.36650180060371e-09	-3.93686727662157e-09	3.64303187616599e-09	3.75055408952107e-09	5.5294662182348e-09
GTEX-12WSK-2226-SM-5GCO5_PDUI	-0.049671396613121	4.60112801192736e-07	1.33814182845526e-07	1.06059410143189e-07	7.88649003879982e-08	1.38282715056448e-07	-1.81186496917007e-08	8.67396909853824e-09	2.41242101850503e-08	-1.50359369399666e-08	1.43981415678951e-09	-3.92634813550785e-09	3.24036486532009e-09	3.89191301408687e-09	5.52994894320591e-09
GTEX-12ZZX-1126-SM-5EGKB_PDUI	-0.049344640225172	3.39055219455986e-07	2.63151747503798e-07	1.43832266985555e-07	7.08274754401828e-08	1.42233730571206e-07	-1.93722087260539e-08	7.3326011928998e-09	2.46121736324767e-08	-1.48468055627404e-08	1.38859057585705e-09	-3.97188681944272e-09	3.49215523165469e-09	3.93604837611861e-09	5.43523226426146e-09
GTEX-1313W-0826-SM-5EQ4T_PDUI	-0.0496678464114666	1.28673423205328e-06	3.73963388256016e-07	2.801199627811e-08	7.57232498926896e-08	1.37815703737942e-07	-1.65322493472786e-08	7.54775619782322e-09	2.22568043994897e-08	-1.4342720788818e-08	1.56106372273257e-09	-4.07781719502509e-09	2.90543611392025e-09	4.43967573815485e-09	5.31210009313554e-09
GTEX-131XW-0726-SM-5EGK3_PDUI	-0.0492091365158558	2.69079862391663e-07	3.36303514814063e-07	1.56351319446912e-07	6.88146570837489e-08	1.41895796446079e-07	-1.97068388274602e-08	7.47302308923281e-09	2.46187052965752e-08	-1.47593084420805e-08	1.31874533515486e-09	-3.96556609771892e-09	3.65792640621976e-09	3.96131216717777e-09	5.37215560925119e-09
GTEX-131YS-0626-SM-5EGKL_PDUI	-0.049465823918581	6.7403834691504e-07	2.76533626220044e-07	1.29445211882739e-07	7.10416543370229e-08	1.41957698929218e-07	-1.82852240016018e-08	7.81647369052507e-09	2.40144508723006e-08	-1.46969458825197e-08	1.52418777599195e-09	-4.05052258400929e-09	3.27459992455204e-09	4.08852462996379e-09	5.43107603334647e-09
GTEX-133LE-1726-SM-5K7VQ_PDUI	-0.0492863468825817	4.14262530057385e-07	1.68702413816391e-07	1.75033619598253e-07	7.44315897804881e-08	1.38866397492166e-07	-1.91315336905973e-08	8.2642177545722e-09	2.460411785421e-08	-1.4907074685766e-08	1.53425483429004e-09	-4.01439992359087e-09	3.32706506789293e-09	3.88729093359075e-09	5.51755441335899e-09
GTEX-13CF3-2126-SM-5IFJP_PDUI	-0.0495227240025997	4.19317586874968e-07	2.43805430955035e-07	1.43125362228602e-07	8.05766404710084e-08	1.35437829840157e-07	-1.92156814904365e-08	7.8363662225911e-09	2.42040858466908e-08	-1.48814338629677e-08	1.40000455672862e-09	-3.97716615196941e-09	3.43277051229052e-09	3.97954025288527e-09	5.45860290301903e-09
GTEX-13D11-1026-SM-5IJFB_PDUI	-0.0494283325970173	9.40064580845501e-07	1.87795535566693e-07	1.27041090536295e-07	7.69171819570147e-08	1.37245038445144e-07	-1.73125282998399e-08	8.528478367964e-09	2.34973462909238e-08	-1.46436809345118e-08	1.72300707035333e-09	-4.09227984832228e-09	2.95439317454793e-09	4.1301837505614e-09	5.49183010178922e-09
GTEX-13FTX-1126-SM-5N9EN_PDUI	-0.0497659258544445	9.34742217850726e-07	2.04194279262992e-07	9.85122383667658e-08	8.36529068237724e-08	1.36163663455591e-07	-1.71985181651735e-08	8.31349211694032e-09	2.34490880046678e-08	-1.47481067358513e-08	1.62551894167251e-09	-4.07966416204886e-09	2.97877256194568e-09	4.16975165506983e-09	5.4876365673806e-09
GTEX-13FTY-2226-SM-5J1ND_PDUI	-0.049091424793005	4.00871414285575e-07	4.16249321233408e-07	1.41175291901163e-07	6.7198257625023e-08	1.42070078368306e-07	-2.01428402846204e-08	6.23160367752007e-09	2.43057112214728e-08	-1.45329428491436e-08	1.30954125321381e-09	-3.98389632394469e-09	3.64817354103764e-09	4.08131883844476e-09	5.29843502405924e-09
GTEX-13NZ8-0126-SM-5IJCT_PDUI	-0.0494753234088421	9.59698922997632e-07	3.90780598991114e-07	5.2510152670493e-08	7.29184250758408e-08	1.39793812081734e-07	-1.77948287216623e-08	6.59601884223093e-09	2.30043273319325e-08	-1.43940956931488e-08	1.45404110973857e-09	-4.01529298699188e-09	3.17538173533194e-09	4.31147961776901e-09	5.29917754121811e-09
GTEX-13O3O-0826-SM-5K7WE_PDUI	-0.0494821816682816	1.55561679093807e-06	3.0558294383809e-07	2.71481148672592e-08	7.2732945000098e-08	1.36820759166767e-07	-1.49914924918448e-08	8.41117042682527e-09	2.17027515958534e-08	-1.42289424687192e-08	1.72785863394864e-09	-4.11693390489631e-09	2.61335220130832e-09	4.46252812480452e-09	5.35404387491667e-09
GTEX-13PL6-2926-SM-5L3I2_PDUI	-0.0495275892317295	8.91175716333237e-07	4.78338222364982e-07	7.94364751754983e-08	7.11732397462583e-08	1.42181335149871e-07	-1.86472703944673e-08	6.18702333810006e-09	2.3410350991071e-08	-1.42702898386915e-08	1.41108336126905e-09	-4.04960509570174e-09	3.35354388703024e-09	4.36557501259927e-09	5.26018251179039e-09
GTEX-13PVR-2226-SM-7DHKP_PDUI	-0.0490730851888657	1.52901435512831e-07	3.60541001498405e-08	1.76697639631129e-07	7.41357766287365e-08	1.37791190013559e-07	-1.88525888233926e-08	8.92064022650629e-09	2.49472549285201e-08	-1.5159658417474e-08	1.4731587061334e-09	-3.90728338572899e-09	3.33369287730534e-09	3.64419650011882e-09	5.59245094677863e-09
GTEX-13QIC-2326-SM-5LU5N_PDUI	-0.0491831824183464	1.73421619820147e-06	1.75776079913703e-07	4.21620569568404e-08	7.19153092632041e-08	1.36242405801568e-07	-1.33804443080976e-08	9.19917653163793e-09	2.15097006872611e-08	-1.42664609015242e-08	1.93171900697564e-09	-4.14991951913635e-09	2.27841301381204e-09	4.39634506577136e-09	5.43422595811194e-09
GTEX-13W3W-1226-SM-5LU4H_PDUI	-0.0493852458894253	4.5665413495044e-07	1.24426904335451e-07	1.82877116117197e-07	7.66002230534468e-08	1.38466049293129e-07	-1.84830781790879e-08	8.53076720375157e-09	2.46439348927652e-08	-1.4990462204878e-08	1.61250979235916e-09	-4.03435462814627e-09	3.25602611539466e-09	3.87580234573193e-09	5.56567147924625e-09
GTEX-146FH-0826-SM-5SI8T_PDUI	-0.049445815384388	1.11173062578018e-06	2.8435033527785e-07	6.94460879913095e-08	7.82562139534093e-08	1.37590191684467e-07	-1.64958997572739e-08	7.55165707744254e-09	2.28514842604e-08	-1.44492791065431e-08	1.61670499210231e-09	-4.06212707915188e-09	2.92258528489242e-09	4.28356905501914e-09	5.38224487200978e-09
GTEX-14BMU-1626-SM-5TDE7_PDUI	-0.0490029640495777	4.04205565018856e-07	1.4276547233294e-07	1.94804741227017e-07	7.58998908167996e-08	1.38321851750334e-07	-1.83969373068749e-08	8.04557132028094e-09	2.47086262561425e-08	-1.48561714041762e-08	1.5910061046398e-09	-4.00437549785693e-09	3.28271587690665e-09	3.84888432236608e-09	5.51637002743632e-09
GTEX-14H4A-2526-SM-5YYAY_PDUI	-0.0495526306331158	1.51002234360931e-06	4.73967887160143e-08	1.16102491176662e-07	7.70455841347939e-08	1.36874604095283e-07	-1.37278952649922e-08	1.0474062506205e-08	2.27227392457507e-08	-1.46025902481028e-08	2.0959929347697e-09	-4.20314316684767e-09	2.3418500472161e-09	4.23087254119991e-09	5.60928770099167e-09
GTEX-14LLW-0626-SM-62LFC_PDUI	-0.0496643073856831	1.26370048292301e-06	3.74097254507433e-07	4.43065175659285e-08	7.04362932424374e-08	1.39275925903348e-07	-1.61897357742191e-08	7.81551978690231e-09	2.23378275876485e-08	-1.43465550550559e-08	1.59875890304306e-09	-4.08117495354077e-09	2.95416846540775e-09	4.41623582148054e-09	5.33646771216922e-09
GTEX-14PKU-0426-SM-6EU1P_PDUI	-0.0497069805860519	6.12029623425769e-07	1.47486360901894e-07	1.21633050298442e-07	8.14970988471941e-08	1.37004604994218e-07	-1.81293398071602e-08	8.83708750620826e-09	2.40567583631446e-08	-1.49572123575581e-08	1.54554791187422e-09	-4.00444477577366e-09	3.1565661195998e-09	3.97553767683689e-09	5.53646684053888e-09
GTEX-15ER7-1626-SM-6PAMZ_PDUI	-0.0489138551056385	3.79118375803955e-07	2.0282493551349e-07	1.1869741456394e-07	7.13396275386913e-08	1.40833265049878e-07	-1.8529764389541e-08	7.69725172489188e-09	2.4225917272247e-08	-1.47478749212837e-08	1.37773947805897e-09	-3.89130017097727e-09	3.35016792085696e-09	3.86205156743813e-09	5.41716449475871e-09
GTEX-15ETS-0626-SM-7KUMX_PDUI	-0.0493837036192417	3.3611001981626e-07	1.3104664731145e-07	1.30206672110944e-07	7.76863657847571e-08	1.39834000378869e-07	-1.85799464702541e-08	8.52199644185703e-09	2.46147049409728e-08	-1.49671972593524e-08	1.40148426197584e-09	-3.91718701919785e-09	3.31651683893597e-09	3.82220965988722e-09	5.52182832791459e-09
GTEX-15UF6-0126-SM-6PAMB_PDUI	-0.0492805130779743	7.37126981675829e-07	2.84490397461923e-07	7.52624060851304e-08	7.23462392215879e-08	1.40383392022159e-07	-1.76834316079066e-08	7.72527108949816e-09	2.33954899897526e-08	-1.45908494175728e-08	1.42486111798235e-09	-3.96232158195176e-09	3.20118509478107e-09	4.10049594279371e-09	5.36757660540843e-09
GTEX-16BQI-1026-SM-7KUEA_PDUI	-0.0496799014508724	-9.30625390083151e-07	1.35450179072905e-07	8.0991412687581e-08	8.11948126511197e-08	1.39803475462941e-07	-2.35686616889552e-08	7.64986207713036e-09	2.60916799277311e-08	-1.55410102564701e-08	6.32171703873752e-10	-3.52934925729187e-09	4.25702850748166e-09	3.31432237210549e-09	5.4869238041988e-09
GTEX-17F98-0526-SM-79OK5_PDUI	-0.0495568625628948	5.63396952202311e-07	1.02037930105325e-07	8.79155663824349e-08	8.09531712775424e-08	1.37069307015736e-07	-1.77531624956373e-08	8.74033467823665e-09	2.3921016278905e-08	-1.49773580204737e-08	1.45220191427597e-09	-3.90611543110708e-09	3.10478243115142e-09	3.89456378258046e-09	5.53235368627725e-09
GTEX-17JCI-0726-SM-7EPH1_PDUI	-0.0492387637495995	3.0897948022357e-07	3.61101172074996e-07	7.70328441035417e-08	7.13308025979131e-08	1.39666227028101e-07	-2.03572732004886e-08	6.63463950445475e-09	2.40255975114678e-08	-1.46570178216621e-08	1.14930653882794e-09	-3.86936660490278e-09	3.60937812970974e-09	3.99682553720027e-09	5.30237675988587e-09
GTEX-183WM-0726-SM-7LTAA_PDUI	-0.0493033975362778	-1.87670525519934e-06	3.59222951828997e-07	6.25238456564148e-08	7.33096499061503e-08	1.4007920867698e-07	-2.7949326408816e-08	3.98628685616131e-09	2.71092659431815e-08	-1.5469282743652e-08	-5.29194327247851e-11	-3.25357185637642e-09	5.21022602839594e-09	3.10698844430135e-09	5.26069277029251e-09
GTEX-18A7A-0726-SM-7LTAI_PDUI	-0.0488724038004875	-1.99045598492376e-06	2.67604207238037e-07	1.28960309098147e-07	6.97093511803359e-08	1.43097182103702e-07	-2.7835532989684e-08	5.02607866437188e-09	2.77304259554967e-08	-1.56089630110046e-08	7.68602334555446e-11	-3.28485127987221e-09	5.17992049253735e-09	2.93947444163223e-09	5.32830668475981e-09
GTEX-1AMEY-1026-SM-718AA_PDUI	-0.050219688564539	3.04335713963155e-07	2.09833146413985e-07	1.52748995674301e-08	8.68917879870423e-08	1.36373344616914e-07	-1.98428811160056e-08	7.77148834174568e-09	2.38945823127779e-08	-1.4977631579427e-08	1.13125930845115e-09	-3.7912220030023e-09	3.44178041622456e-09	3.92434573726064e-09	5.45922951289413e-09
GTEX-1B932-0826-SM-73KXG_PDUI	-0.0490141548216343	5.11640621425613e-07	9.99485365582586e-08	6.02150720396821e-08	7.2362375647117e-08	1.39112984243184e-07	-1.77995786998508e-08	8.15502865236795e-09	2.36718342705444e-08	-1.48289354129361e-08	1.38856226516992e-09	-3.81986398068079e-09	3.08395975423537e-09	3.81622289324923e-09	5.46557776814893e-09
GTEX-1B933-2526-SM-7IGO5_PDUI	-0.0493759289383888	-1.68201466976825e-07	1.96470139712801e-07	4.57835547251761e-08	7.32825782279178e-08	1.39768260964956e-07	-2.0775045683763e-08	7.43463335339811e-09	2.45784832486606e-08	-1.50808663335056e-08	8.97632967955531e-10	-3.65856589468194e-09	3.73182462709565e-09	3.64919228168503e-09	5.40594102815817e-09
GTEX-1B97J-0426-SM-79OLQ_PDUI	-0.0494152009487152	1.13404603041545e-07	5.8701296268282e-08	1.02289106962417e-07	7.60601821525597e-08	1.39723482561749e-07	-1.92059417258861e-08	8.64783356036014e-09	2.47867379954414e-08	-1.51884815835501e-08	1.25830967867557e-09	-3.79866404998097e-09	3.38081695971937e-09	3.65575814065267e-09	5.56277646168724e-09
GTEX-1C475-1226-SM-7SB72_PDUI	-0.0493272580206394	9.66776383393153e-07	2.60494346093765e-08	1.09480211563096e-07	8.06432041144944e-08	1.37268983735339e-07	-1.51068721976344e-08	1.00105319589261e-08	2.34423200851097e-08	-1.48780792130765e-08	1.7551963216178e-09	-4.03878086530085e-09	2.70465227991679e-09	3.98106481114269e-09	5.58576784825959e-09
GTEX-1EWIQ-1726-SM-7SB7T_PDUI	-0.0495587214827538	9.75932948676927e-07	2.7601583951764e-07	5.09373236923238e-08	7.72482451338874e-08	1.38915638103754e-07	-1.70055383108547e-08	7.70192531973635e-09	2.30129639788856e-08	-1.45873357837445e-08	1.49272649796472e-09	-4.01711153230622e-09	3.01440605809944e-09	4.22456780668767e-09	5.38848032860528e-09
GTEX-1F5PL-1026-SM-7RHI1_PDUI	-0.0491151474416256	1.22555661619117e-07	5.345736298068e-08	1.95374298073148e-07	7.65838521488149e-08	1.39364118467711e-07	-1.84827442240021e-08	8.76688410755833e-09	2.52904541753196e-08	-1.51671049053448e-08	1.4703136486105e-09	-3.91617671624545e-09	3.38888139772564e-09	3.65949892611184e-09	5.59408475098166e-09
GTEX-1GF9U-1726-SM-7MGY5_PDUI	-0.0498579703271389	-1.38711948238779e-06	1.78340499701335e-07	3.68138479700519e-08	7.82536773158427e-08	1.40092012657078e-07	-2.57884558152455e-08	6.44964393003988e-09	2.64269672811679e-08	-1.56676343010531e-08	2.713615998573e-10	-3.36311378745791e-09	4.64385685461366e-09	3.16627501995015e-09	5.44044986838799e-09
GTEX-1GMR8-0726-SM-9KNVI_PDUI	-0.0489627346396446	4.73527776989613e-08	3.52470124198589e-07	1.29636404722078e-07	7.00816258358827e-08	1.4249027913138e-07	-2.07640002969356e-08	5.93325166775571e-09	2.48393838830907e-08	-1.47406726824784e-08	1.13446563254627e-09	-3.83948606241802e-09	3.81150222494853e-09	3.87340826080163e-09	5.31684163362911e-09
GTEX-1GN1U-0526-SM-9KNTT_PDUI	-0.0489389896392822	2.24306916152273e-07	2.74097658348182e-07	1.88992785865594e-07	6.908766891911e-08	1.43118441542356e-07	-1.92094624651418e-08	7.37976835196719e-09	2.49948985953097e-08	-1.4763550382213e-08	1.39478428806683e-09	-3.97284116715468e-09	3.60259200249402e-09	3.87797483014651e-09	5.41769651363211e-09
GTEX-1GN1W-1926-SM-7P8TH_PDUI	-0.0487788803875446	-8.89839384399238e-07	1.08261062337078e-07	1.98829539499457e-07	7.21023951655297e-08	1.42125983870756e-07	-2.30788224087064e-08	7.15163794851037e-09	2.6702434041681e-08	-1.54097232751838e-08	9.17812992273781e-10	-3.64903196548028e-09	4.18287227077485e-09	3.25746718488062e-09	5.50530554477291e-09
GTEX-1GZHY-0726-SM-9WG6B_PDUI	-0.0491850860416889	-1.28087179973591e-07	2.73116199878132e-07	1.18274954274966e-07	7.35372438498416e-08	1.40610424637089e-07	-2.09363051340006e-08	6.78335387860329e-09	2.49728913104263e-08	-1.49980596830801e-08	1.05855701981739e-09	-3.79057896182644e-09	3.8399270430034e-09	3.74685127368934e-09	5.37930411326215e-09
GTEX-1I4MK-1626-SM-CM2TJ_PDUI	-0.0493605025112629	-2.71598281642582e-07	7.0128443496742e-08	4.69752734488793e-08	7.87122615975022e-08	1.3936116260993e-07	-2.04966212891122e-08	8.25307200358338e-09	2.47579485801452e-08	-1.5253045049235e-08	9.63832680334065e-10	-3.61095175982484e-09	3.64802255070629e-09	3.48969475538752e-09	5.49436984798035e-09
GTEX-1ICG6-1326-SM-ACKWR_PDUI	-0.0493207201361656	1.65852441114112e-07	2.56669807185972e-07	1.8108286781171e-07	8.17154415244659e-08	1.3831328260494e-07	-2.01928163079401e-08	6.9664216617582e-09	2.49092160231612e-08	-1.49350132261361e-08	1.34116129313355e-09	-3.96657373613607e-09	3.63205598929994e-09	3.88229670633677e-09	5.4435793650498e-09
GTEX-1IDJE-0826-SM-CKZNZ_PDUI	-0.0492099672555923	-1.16866544885852e-06	2.49996574552824e-08	6.79617429000245e-08	7.57840794562981e-08	1.39201475235495e-07	-2.33767565305243e-08	7.80081776952102e-09	2.62299728603921e-08	-1.56067105905322e-08	5.66592994744042e-10	-3.39525052517331e-09	4.24909618601532e-09	3.06912650849256e-09	5.51237500090451e-09
GTEX-1JMOU-2026-SM-CMKGU_PDUI	-0.0494337044656277	-1.09351958599291e-06	2.43615346562365e-07	5.96575766564911e-09	7.68571553066977e-08	1.39313598879198e-07	-2.43178952530343e-08	6.11367312330913e-09	2.55215439892709e-08	-1.53670178804077e-08	3.27777277542296e-10	-3.36588890093026e-09	4.46834214073988e-09	3.31311311718707e-09	5.32776578410221e-09
GTEX-1JN1M-3026-SM-CMKGK_PDUI	-0.0491765812039375	-1.31676972614514e-06	1.52326535385328e-07	3.76867426155059e-08	7.53827222865766e-08	1.39397670295693e-07	-2.47107827533455e-08	6.44155795370693e-09	2.60169947807753e-08	-1.55675152768708e-08	3.19839377205255e-10	-3.32727778662445e-09	4.50953496766715e-09	3.1152862511874e-09	5.38662492388653e-09
GTEX-1K9T9-1426-SM-DIPFQ_PDUI	-0.0488821603357792	-6.40150290109887e-07	1.0884543399925e-07	4.86639883945372e-08	7.22388406870778e-08	1.39890147465849e-07	-2.22272831251757e-08	7.36171168469468e-09	2.51309160148594e-08	-1.52300323463805e-08	7.42307937340314e-10	-3.49190054649284e-09	3.93547150423501e-09	3.33364003068937e-09	5.41387379371372e-09
GTEX-1LNCM-0226-SM-DIPF4_PDUI	-0.0491030067205429	-3.12125138179908e-07	3.30068786524862e-07	-9.20386611369395e-09	7.05070277717823e-08	1.41188735369724e-07	-2.23843947821933e-08	5.91483306777718e-09	2.42761934998725e-08	-1.48198937566235e-08	6.7365291123167e-10	-3.53857276813585e-09	3.98270527668387e-09	3.67481090002286e-09	5.24366861043291e-09
GTEX-1LVAM-0926-SM-E9TJ2_PDUI	-0.0494090020656586	-1.11211136299971e-06	1.11348397169309e-08	8.6428379120207e-08	7.52255289171444e-08	1.41259675956462e-07	-2.33692514228778e-08	7.45261097279126e-09	2.64717776587986e-08	-1.57172976855691e-08	6.62775112569847e-10	-3.43463080199058e-09	4.2024459467882e-09	3.09497050210439e-09	5.56227419679090e-09
GTEX-1MA7W-1026-SM-DKPQK_PDUI	-0.0491388253867626	3.01210491215897e-07	2.96913356123696e-08	1.5295236721613e-07	7.79635129788403e-08	1.3985241764658e-07	-1.7678207342442e-08	9.30091204054406e-09	2.47152609489376e-08	-1.50675933952016e-08	1.51180146179541e-09	-3.89971965830682e-09	3.20929616215437e-09	3.69985686532459e-09	5.58157253749414e-09
GTEX-1MCYP-0126-SM-E6CIS_PDUI	-0.0478507354855537	-2.60751721725683e-06	-3.29424750589169e-07	1.8628550435551e-07	5.11739166597636e-08	1.22993824902551e-07	-2.57701895378659e-08	8.48915782114545e-09	2.92811268565174e-08	-1.64123736823285e-08	1.29244656643657e-10	-3.04558778196906e-09	4.78997685959826e-09	2.02862882048294e-09	5.69500979707982e-09
GTEX-1NUQO-2226-SM-E9U68_PDUI	-0.049587070941925	-1.39545988986356e-07	2.67962661837373e-07	5.56837775889107e-08	7.85882576792574e-08	1.4021215122284e-07	-2.13925588354869e-08	6.77545308747085e-09	2.46370799317219e-08	-1.50499221973632e-08	9.68083613273052e-10	-3.67777830412308e-09	3.84659548657851e-09	3.74168163119748e-09	5.37744959672182e-09
GTEX-1POEN-0926-SM-DTX88_PDUI	-0.0490437038242817	-1.30419300603535e-06	2.06429916715933e-07	4.15308285539595e-08	6.8646123452254e-08	1.40782361768288e-07	-2.46809221948752e-08	6.0021045911185e-09	2.6116390827724e-08	-1.53611185993441e-08	3.40691752587219e-10	-3.31653859930725e-09	4.57561277755758e-09	3.15990345001183e-09	5.34572963672986e-09
GTEX-1QCLZ-2326-SM-DTXDO_PDUI	-0.0491890572011471	-1.10540486275568e-06	5.82588377540105e-08	5.86493271725885e-08	7.8017968974109e-08	1.37444857273294e-07	-2.33290968765232e-08	7.33012983644699e-09	2.58757069104831e-08	-1.55519561673145e-08	5.55481327602081e-10	-3.38322436732597e-09	4.2421430812567e-09	3.13139003615959e-09	5.47709699816323e-09
GTEX-1QEPI-0926-SM-DTXF3_PDUI	-0.0492155030369759	-5.71826035411505e-07	2.49365001536717e-07	-9.07418140627669e-10	7.13519199280199e-08	1.37434042812856e-07	-2.28120793366315e-08	6.45732622928108e-09	2.46082638710732e-08	-1.50765337991743e-08	5.97946803182481e-10	-3.47562800762091e-09	4.06387545837106e-09	3.51065243542337e-09	5.30607247029025e-09
GTEX-1QP28-1226-SM-E9J2M_PDUI	-0.0496802031993866	6.26283281235374e-07	1.45274796636841e-08	7.22700761457418e-08	8.33127273835998e-08	1.35832351588761e-07	-1.64348410436332e-08	9.3281542490331e-09	2.37555415338875e-08	-1.50735406378999e-08	1.52875256898e-09	-3.87478893415505e-09	2.94269342226983e-09	3.86014376019261e-09	5.59123769505732e-09
GTEX-1QPFJ-2026-SM-EVYBE_PDUI	-0.0490626096725464	-6.71057648560236e-07	1.08672004728305e-07	1.56951770691194e-07	7.60235181473945e-08	1.38347402867112e-07	-2.23358700424114e-08	7.69469288286473e-09	2.59642298772178e-08	-1.53897907750888e-08	9.45810318953022e-10	-3.63570373806965e-09	4.03537603332893e-09	3.36715233473228e-09	5.49927969828445e-09
GTEX-1R46S-2526-SM-E8VN2_PDUI	-0.049186933785677	8.2582261029529e-09	1.75632905552447e-07	6.75796414384422e-08	7.37459870947532e-08	1.39012357180945e-07	-2.01572536440153e-08	7.69623031970923e-09	2.43566358193448e-08	-1.50449004365782e-08	1.08666775577859e-09	-3.70862052179177e-09	3.5787681706978e-09	3.69500097185949e-09	5.41609024296008e-09
GTEX-1R9JW-0326-SM-EAZ45_PDUI	-0.0498754717409611	5.03977659604971e-08	1.34727756062603e-07	2.09384154459258e-08	8.24122423637164e-08	1.38214602429798e-07	-2.01353778095381e-08	7.86111975514814e-09	2.42805331396312e-08	-1.51400296743986e-08	1.05508002334886e-09	-3.69350305895466e-09	3.50286599726246e-09	3.72063158060598e-09	5.47700684805363e-09
GTEX-1R9PN-0326-SM-DTX85_PDUI	-0.0490042753517628	-6.51610150725901e-07	-1.28387229736404e-08	5.73141143433986e-08	7.4030019447946e-08	1.36417270368838e-07	-2.15113544754786e-08	8.07439715089231e-09	2.52023273361601e-08	-1.5383340823405e-08	8.53686565882583e-10	-3.47583006821139e-09	3.78907749620794e-09	3.23704374416423e-09	5.51811263349578e-09
GTEX-1S82U-1126-SM-E9U6I_PDUI	-0.0494878888130188	-3.36992172833561e-07	1.00551652337799e-07	1.20398496505913e-07	8.0321882478529e-08	1.38708969643631e-07	-2.09946691143159e-08	8.2468103457245e-09	2.54071395033861e-08	-1.53415236070487e-08	1.06308717384707e-09	-3.69777342079658e-09	3.78965525626995e-09	3.52355189470188e-09	5.52851631141493e-09
GTEX-1S82Z-0726-SM-E6CHX_PDUI	-0.0483517050743103	-2.90425964522001e-06	-1.24638006582245e-07	1.57067873374217e-07	5.81046535330643e-08	1.24243399568513e-07	-2.85683352529986e-08	6.56603793558475e-09	2.94082713736543e-08	-1.63847868606126e-08	-1.96190355628012e-10	-2.97770630375283e-09	5.31099519918143e-09	2.14418482968881e-09	5.5636495410738e-09
GTEX-Q2AG-0326-SM-48U1O_PDUI	-0.0494617633521557	9.28811161315934e-08	3.53028724475735e-07	1.12787233774725e-07	7.07354743667565e-08	1.41956832067081e-07	-2.13531823334279e-08	6.69473720904534e-09	2.48252369772217e-08	-1.48218992634952e-08	1.11041298378467e-09	-3.86348641967516e-09	3.80373466057904e-09	3.92236998436601e-09	5.35333510853775e-09
GTEX-QVJO-1826-SM-447C9_PDUI	-0.0498087964951992	4.55360748219391e-07	3.17327845777982e-07	8.48445296242062e-08	7.29797164922275e-08	1.39297711143627e-07	-1.99238581188865e-08	7.27732940575265e-09	2.41110011955925e-08	-1.48187497828189e-08	1.26927812704736e-09	-3.92524990289189e-09	3.48317619192073e-09	4.07124911561141e-09	5.40421263295343e-09
GTEX-R3RS-0626-SM-48FE1_PDUI	-0.0494904518127441	8.1663040418789e-07	4.16605445252571e-07	3.64776830963365e-08	6.9903499877455e-08	1.41459651104014e-07	-1.8924357192418e-08	6.6557097611053e-09	2.31654855298302e-08	-1.44292844339589e-08	1.30577049173297e-09	-3.9574317156621e-09	3.30442273543952e-09	4.25867741071784e-09	5.26805177258893e-09
GTEX-R53T-1526-SM-48FEK_PDUI	-0.0491930395364761	4.55970706525477e-07	1.4511716983634e-07	1.06856035131386e-07	7.55895186443922e-08	1.37132644795201e-07	-1.89347755252811e-08	7.67992069938828e-09	2.41128503830623e-08	-1.48836534208385e-08	1.42137235314976e-09	-3.89973298098312e-09	3.21346171894277e-09	3.8750664899112e-09	5.47647394100181e-09
GTEX-RWS6-1926-SM-47JXY_PDUI	-0.0492110177874565	-3.79481903678425e-08	1.00238750633252e-07	1.17372522367987e-07	7.37888967705658e-08	1.39947900379411e-07	-2.04348413745947e-08	8.07872613250993e-09	2.5054468721919e-08	-1.5145168674735e-08	1.2052054909617e-09	-3.7758796089804e-09	3.52895668243036e-09	3.62030450062889e-09	5.50984413649758e-09
GTEX-S32W-2026-SM-4AD6E_PDUI	-0.0498788058757782	-8.00589106120242e-09	2.78203572179336e-07	5.42865237207479e-08	7.99466093326373e-08	1.38810833050229e-07	-2.17266844515507e-08	7.10931491454403e-09	2.45686333499862e-08	-1.50488634886869e-08	9.92346205208605e-10	-3.75805919716754e-09	3.77147157948343e-09	3.83805653925151e-09	5.3983684189518e-09
GTEX-S4P3-1326-SM-4AD6V_PDUI	-0.0494192019104958	1.42028284244589e-07	1.59698103630035e-07	7.95277728116162e-08	7.27170714753811e-08	1.40711250651293e-07	-2.01665972809906e-08	7.81158249196778e-09	2.45048408231696e-08	-1.50315937474943e-08	1.18778675783915e-09	-3.79377063097763e-09	3.47669382172455e-09	3.74956643511837e-09	5.46701528492122e-09
GTEX-S4UY-0726-SM-4AD6X_PDUI	-0.049299068748951	-2.34577228752642e-07	2.20307629916761e-08	1.12592459799998e-07	7.61630616352704e-08	1.39332399839986e-07	-2.06508339317679e-08	8.75446826142934e-09	2.52246916687682e-08	-1.53694550419914e-08	1.13205655960513e-09	-3.70924491122082e-09	3.57816620777385e-09	3.46137429829696e-09	5.57060442218926e-09
GTEX-SE5C-2126-SM-4BRUJ_PDUI	-0.0499578453600407	4.18380921018979e-07	4.68276901699483e-08	7.90443976939059e-08	8.06084869964252e-08	1.38066738486486e-07	-1.88344166929255e-08	9.10574371459916e-09	2.42376092529639e-08	-1.51692187699837e-08	1.40928868574974e-09	-3.87496434939294e-09	3.15924286731217e-09	3.80343889716528e-09	5.60625368350998e-09
GTEX-T2IS-1526-SM-32QPR_PDUI	-0.0488672479987144	1.13182352379226e-06	-6.25124698672153e-08	3.79283484619464e-08	6.69802844299738e-08	1.35472930651304e-07	-1.42156872939836e-08	1.07112017033728e-08	2.21619522733363e-08	-1.47316310261658e-08	1.72613645599284e-09	-3.86078990999295e-09	2.350555972086e-09	3.88421961261542e-09	5.56764456760561e-09
GTEX-T5JW-2026-SM-4DM63_PDUI	-0.049821499735117	6.00576299802924e-08	7.82500109153261e-08	7.03458127304657e-08	7.85258649216303e-08	1.39268777843427e-07	-2.04372874179626e-08	8.73913119647796e-09	2.46112890067707e-08	-1.52625752036784e-08	1.18623988409894e-09	-3.7704106503611e-09	3.46502160297746e-09	3.66927377370985e-09	5.55705215177227e-09
GTEX-T6MO-0326-SM-32QOK_PDUI	-0.0485680215060711	1.09092843558756e-06	-1.14893936142835e-07	6.18206428271151e-08	7.09677721033586e-08	1.34065402335182e-07	-1.43720892964438e-08	1.02389190459462e-08	2.24020411110359e-08	-1.46984664439742e-08	1.77500958375987e-09	-3.88027521225354e-09	2.32426988766576e-09	3.82157994138765e-09	5.5851416824737e-09
GTEX-TMMY-0726-SM-33HBE_PDUI	-0.0485275089740753	1.05784317838697e-06	-8.54830233265602e-08	8.28769657346129e-08	6.97229864954352e-08	1.3537304255351e-07	-1.41050335855653e-08	1.00030961291964e-08	2.26234053712915e-08	-1.46720759985897e-08	1.78264936145922e-09	-3.92743126909068e-09	2.42229125646531e-09	3.83712839280292e-09	5.57540813517221e-09
GTEX-U3ZN-1926-SM-4DXSG_PDUI	-0.0492428727447987	-1.20678606663205e-07	1.12656032058567e-07	8.79397674680149e-08	7.18383219577845e-08	1.40735195941488e-07	-2.09342267964985e-08	7.68885577429046e-09	2.49584228839694e-08	-1.51263499503784e-08	1.10564957189752e-09	-3.71016173339456e-09	3.59391916227025e-09	3.58740259720491e-09	5.48935030764142e-09
GTEX-VJWN-0726-SM-3GIJ8_PDUI	-0.0493982210755348	1.60639172008814e-06	1.24084678532199e-07	9.42531119818568e-09	6.67254340669388e-08	1.35987903604473e-07	-1.26961010593618e-08	8.95344065554582e-09	2.14923190355876e-08	-1.43232368188251e-08	1.72510628004829e-09	-4.06976630173972e-09	2.33588504094939e-09	4.2946806111388e-09	5.47117329219304e-09
GTEX-WRHU-0326-SM-3MJFY_PDUI	-0.0492665506899357	6.85970121594437e-07	2.14322199099115e-07	8.51825774361714e-08	7.48066781852685e-08	1.39852517122563e-07	-1.77977668158746e-08	8.47181613750081e-09	2.36392487806825e-08	-1.4645824997217e-08	1.42443923323299e-09	-3.94776789036655e-09	3.14684789337605e-09	4.02117983355765e-09	5.4231108492786e-09
GTEX-WYVS-1726-SM-3NMAY_PDUI	-0.0488581545650959	9.3092234010328e-07	1.15503873132639e-07	8.55486419482077e-08	6.9912580613618e-08	1.39492328798951e-07	-1.63756386228897e-08	8.80362538424606e-09	2.31449064358458e-08	-1.45706282594915e-08	1.63681257436821e-09	-3.96688815129664e-09	2.79167644556821e-09	3.99001320872117e-09	5.46258682732059e-09
GTEX-X15G-1626-SM-3NMB3_PDUI	-0.0492811352014542	5.79772063247219e-07	1.64950435532774e-07	9.71346665323836e-08	7.40302823487582e-08	1.39727461601069e-07	-1.8669041423891e-08	8.41294056641573e-09	2.39089086306876e-08	-1.47343461875948e-08	1.45908152227037e-09	-3.91984489311881e-09	3.15293724462151e-09	3.92856458475421e-09	5.46648815102913e-09
GTEX-X4EP-2926-SM-3P5YQ_PDUI	-0.0489650331437588	-4.15044070223303e-07	2.25598839165286e-07	1.52096816918856e-07	6.97214233014165e-08	1.41592764180132e-07	-2.22399023641628e-08	7.28508942060557e-09	2.54860559323333e-08	-1.50574219759392e-08	9.83361170270314e-10	-3.73777142570475e-09	3.98777366683589e-09	3.55580032085356e-09	5.41151568000942e-09
GTEX-XMD2-0926-SM-4WWEF_PDUI	-0.0495461970567703	7.7036798984409e-07	4.03288112238442e-07	5.60180701825175e-08	7.112787159258e-08	1.3993123104683e-07	-1.92082350025657e-08	6.7776779744122e-09	2.3266395032806e-08	-1.44680267766262e-08	1.33491995235602e-09	-3.97652133443671e-09	3.33466609880873e-09	4.24225365946995e-09	5.29309751584606e-09
GTEX-XOT4-0726-SM-4GIAW_PDUI	-0.0491921305656433	5.55556084691489e-07	9.21881877502528e-08	8.84533548628497e-08	7.0946143182482e-08	1.40273769488886e-07	-1.7385318074048e-08	9.28558652191214e-09	2.38420874154599e-08	-1.49174930186291e-08	1.46587397775733e-09	-3.87766396769962e-09	3.07456282655494e-09	3.8367935495387e-09	5.50790124620448e-09
GTEX-XUW1-2326-SM-4BOO5_PDUI	-0.0495517887175083	-3.37235576353123e-07	1.60435376983514e-07	1.54430495058477e-07	7.45660528878034e-08	1.396181517066e-07	-2.21979270520478e-08	7.6326278630745e-09	2.5767588951453e-08	-1.52898493865905e-08	1.08068598514421e-09	-3.78029474390473e-09	3.88147070040645e-09	3.58920204668323e-09	5.52582690716008e-09
GTEX-XUZC-1626-SM-4BRVP_PDUI	-0.0491688400506973	1.59072286010087e-07	1.193615446482e-07	9.84029213668691e-08	7.28144726735991e-08	1.39875396598654e-07	-2.01229415353055e-08	8.09033284809857e-09	2.45445122004639e-08	-1.49959316075865e-08	1.28295030155101e-09	-3.79438747089011e-09	3.41971628792237e-09	3.70414121597662e-09	5.49071854649696e-09
GTEX-XV7Q-2326-SM-4BRVZ_PDUI	-0.0493953973054886	8.10914997373402e-08	1.38564772100835e-07	8.10452576160969e-08	7.68854349075809e-08	1.37328342475485e-07	-2.07247765615648e-08	8.00697907976655e-09	2.44777940139329e-08	-1.50707375468073e-08	1.15982157211647e-09	-3.77003672724641e-09	3.49114204212242e-09	3.71289354816895e-09	5.47305623044281e-09
GTEX-Y5LM-1726-SM-4VDSX_PDUI	-0.0504975281655788	1.51051904140331e-06	1.15709489989513e-07	6.31023908681527e-08	7.78544517743285e-08	1.38597002319329e-07	-1.50270675902675e-08	1.00276489334306e-08	2.26932659330714e-08	-1.47425227581266e-08	1.93613747256904e-09	-4.20853440985525e-09	2.47778264572673e-09	4.35480229654672e-09	5.61585000724563e-09
GTEX-Y5V5-2126-SM-4WWFO_PDUI	-0.0491217449307442	-6.65260699861392e-08	2.17498353549672e-07	1.73511722323383e-07	7.39890069212379e-08	1.39984067004661e-07	-2.09430162101398e-08	7.23033988236921e-09	2.5250265878185e-08	-1.503785718171e-08	1.24117371935739e-09	-3.88538357043444e-09	3.72657149583233e-09	3.72627173561568e-09	5.45285061548384e-09
GTEX-Y8LW-1626-SM-5IFHX_PDUI	-0.0491844117641449	9.27327505451103e-07	6.25952125687945e-08	1.4242988299884e-07	7.42901278272257e-08	1.36948401063819e-07	-1.5878320880347e-08	9.73686464789125e-09	2.35501360634771e-08	-1.48171350744519e-08	1.79192094496017e-09	-4.08208844504543e-09	2.78732037450879e-09	3.98335364693025e-09	5.57275736667862e-09
GTEX-YB5K-1626-SM-5IFIN_PDUI	-0.0494210124015808	3.3455421544204e-07	1.13963167791553e-07	1.82767337264522e-07	7.9889119319887e-08	1.36587729571147e-07	-1.88819573310184e-08	8.33418134504882e-09	2.46778970591777e-08	-1.50939456489141e-08	1.52585188928356e-09	-4.01207689293415e-09	3.3280782574252e-09	3.82319198521941e-09	5.57039392390379e-09
GTEX-YFC4-1426-SM-5IFJG_PDUI	-0.0488719381392002	3.20386845942267e-07	4.1297494135506e-07	1.56966763142918e-07	6.69139197384538e-08	1.40995936703803e-07	-2.05979322487337e-08	5.60489521461704e-09	2.44301006091519e-08	-1.45080703006784e-08	1.3077734450917e-09	-3.98239929921829e-09	3.69394692611991e-09	4.03803879223119e-09	5.28961763279767e-09
GTEX-ZC5H-2626-SM-5J2MG_PDUI	-0.0487719438970089	2.78237706652362e-07	2.34066149573664e-07	1.6538399449928e-07	6.85370551423148e-08	1.39637208462773e-07	-1.97174347960072e-08	7.12095360455578e-09	2.45190872050216e-08	-1.47511656223287e-08	1.39885036887222e-09	-3.9462686451941e-09	3.46596440436997e-09	3.84432663480538e-09	5.40966338391513e-09
GTEX-ZF29-1926-SM-5S2P1_PDUI	-0.0490594804286957	1.03166644294106e-06	-6.0979516547377e-08	1.46296173397786e-07	7.35108685034902e-08	1.36126331540254e-07	-1.43065976843104e-08	1.06907167563008e-08	2.34852013392128e-08	-1.49024117490626e-08	1.92766336226668e-09	-4.08775768789837e-09	2.5340018972031e-09	3.90495236146648e-09	5.66054980666308e-09
GTEX-ZF2S-2026-SM-5E461_PDUI	-0.048721581697464	2.29650424898864e-07	1.68375976272728e-07	2.11289972185114e-07	7.10208212240104e-08	1.4056820418773e-07	-1.91459026410712e-08	7.66535812601887e-09	2.49623681725097e-08	-1.48446783754252e-08	1.51146850591033e-09	-3.99267330308817e-09	3.43826767057465e-09	3.77491593539503e-09	5.48348255691167e-09
GTEX-ZF3C-2326-SM-5S2NC_PDUI	-0.0497170500457287	1.52890595472854e-06	2.11021443874415e-07	5.93245559343814e-08	7.65407790481731e-08	1.37714465608951e-07	-1.45097267534311e-08	9.27532983752144e-09	2.2312669045732e-08	-1.44120368972267e-08	1.86443060989916e-09	-4.1686458729373e-09	2.52771759079451e-09	4.39440528410273e-09	5.46309264493061e-09
GTEX-ZGAY-1726-SM-DO91P_PDUI	-0.0493192076683044	-6.16426859778585e-07	-4.00061450633871e-09	6.7058515185181e-08	7.79225146629869e-08	1.3962164757686e-07	-2.12789021958315e-08	8.66290950085613e-09	2.54125431808916e-08	-1.54490518156081e-08	8.74189054478336e-10	-3.5386653607361e-09	3.80700715396642e-09	3.27504756647556e-09	5.55157075865509e-09
GTEX-ZLV1-1426-SM-DO92Z_PDUI	-0.0487194582819939	-1.78503626102611e-06	8.31298123671331e-08	1.299374048358e-07	7.24348581115919e-08	1.39758896011699e-07	-2.64882231704178e-08	6.52168941073228e-09	2.72921258925862e-08	-1.57238186915265e-08	3.285112182283e-10	-3.29223759365505e-09	4.77866413106653e-09	2.84341794554166e-09	5.4491247070132e-09
GTEX-ZPIC-1126-SM-5BC7F_PDUI	-0.0492749810218811	7.9146434472932e-07	6.96102873121163e-08	1.3237243479125e-07	7.98137804736143e-08	1.37076639816769e-07	-1.653267567292e-08	8.91493989740866e-09	2.37207462561173e-08	-1.48905865415827e-08	1.70361524887142e-09	-4.03461664078009e-09	2.88540480397614e-09	3.94945098847188e-09	5.55802825985552e-09
GTEX-ZQG8-0726-SM-5P9H9_PDUI	-0.0492633022367954	5.51232403722679e-07	1.5992635837847e-07	1.40351943400674e-07	8.17033622979579e-08	1.35113253918462e-07	-1.83469417436299e-08	8.06182054446936e-09	2.39286563896712e-08	-1.48640522112942e-08	1.52502022121581e-09	-3.98835675596843e-09	3.19618043143066e-09	3.93974319834456e-09	5.4880513467026e-09
GTEX-ZTPG-2826-SM-57WGA_PDUI	-0.0493252016603947	2.27311502953853e-07	2.76860106396271e-07	1.59746633698887e-07	7.43242623002516e-08	1.39357837269927e-07	-2.0245334297897e-08	6.58216459115124e-09	2.47176288326045e-08	-1.48466998695085e-08	1.3477593485689e-09	-3.95065269387374e-09	3.61453111885623e-09	3.9133838392047e-09	5.42960121308056e-09
GTEX-ZV6S-1826-SM-5NQ8D_PDUI	-0.0497183352708817	7.27386122889584e-07	1.53329651197964e-07	1.14514989490999e-07	8.07581983508499e-08	1.37015106815852e-07	-1.74628613791583e-08	8.73096972497933e-09	2.38251249840005e-08	-1.49163241758288e-08	1.58077051448657e-09	-4.03277811145131e-09	3.08581138419584e-09	4.03578237495594e-09	5.5320179548346e-09
GTEX-ZVT2-1826-SM-5NQ8W_PDUI	-0.0498770512640476	1.68170743108931e-06	9.54298684519017e-08	8.2946669976991e-08	8.09233924314867e-08	1.35524047095714e-07	-1.33731967721928e-08	1.01253467832407e-08	2.22281553163839e-08	-1.45517464744671e-08	2.06820160997268e-09	-4.22332879779219e-09	2.28662977441729e-09	4.37119140883624e-09	5.58551693785603e-09
GTEX-ZVT4-1026-SM-57WC4_PDUI	-0.0493842884898186	1.00775146449905e-07	2.3446700936347e-07	1.2098296053864e-07	7.55901652382818e-08	1.38677876293514e-07	-1.99771115205749e-08	7.99111177229861e-09	2.45928450937072e-08	-1.50110608387877e-08	1.19848997393035e-09	-3.85298770666509e-09	3.63739149911169e-09	3.81775233648796e-09	5.43042277811878e-09
GTEX-ZVZQ-0826-SM-51MRF_PDUI	-0.0497783049941063	9.04132718915207e-07	2.0452350213418e-07	7.4841260300218e-08	7.59052767307367e-08	1.38700670504477e-07	-1.71723062436513e-08	8.71966943094549e-09	2.33065584609449e-08	-1.47521577176235e-08	1.55769197540678e-09	-4.0298879788736e-09	2.9998015182997e-09	4.13892919937098e-09	5.47365130998401e-09
GTEX-ZXES-0826-SM-5E43C_PDUI	-0.0487993024289608	5.33876288955071e-07	5.41866214121001e-08	2.16603112335179e-07	7.36995886541081e-08	1.3901436091146e-07	-1.70613851935286e-08	9.34745880698529e-09	2.45830662493063e-08	-1.48975187741485e-08	1.75894143694677e-09	-4.06172162570329e-09	3.07906700136584e-09	3.80035469760287e-09	5.58237278625029e-09
GTEX-ZZPU-0626-SM-5E43T_PDUI	-0.0488317981362343	-2.54696999490989e-07	1.58891097612468e-07	2.2740769622942e-07	7.34391463197426e-08	1.40165596462793e-07	-2.10312940396307e-08	7.47967021652585e-09	2.58204728709188e-08	-1.51514569779465e-08	1.28449728631352e-09	-3.89372489806306e-09	3.79837450381615e-09	3.58162988156607e-09	5.49909096037027e-09
