SUBJID	XM_005266677.3|KDSR|chr18|-	NM_002035.4|KDSR|chr18|-	XM_017025690.2|KDSR|chr18|-
GTEX-1122O-1226-SM-5H113	0.227456140350877	0.227456140350877	0.227456140350877
GTEX-11EM3-1326-SM-5N9C6	0.227456140350877	0.227456140350877	0.227456140350877
GTEX-11EMC-2026-SM-5A5JV	0.227456140350877	0.227456140350877	0.227456140350877
GTEX-11GSP-0926-SM-9WYSG	0.227456140350877	0.227456140350877	0.227456140350877
GTEX-11I78-2226-SM-5PNYA	0.227456140350877	0.227456140350877	0.227456140350877
GTEX-11P81-1926-SM-5BC53	0.227456140350877	0.227456140350877	0.227456140350877
GTEX-11ZTT-2326-SM-5EQLG	0.227456140350877	0.227456140350877	0.227456140350877
GTEX-1211K-1926-SM-5EQLB	0.227456140350877	0.227456140350877	0.227456140350877
GTEX-12WSK-2226-SM-5GCO5	0.227456140350877	0.227456140350877	0.227456140350877
GTEX-12ZZX-1126-SM-5EGKB	0.227456140350877	0.227456140350877	0.227456140350877
GTEX-1313W-0826-SM-5EQ4T	0.227456140350877	0.227456140350877	0.227456140350877
GTEX-131XW-0726-SM-5EGK3	0.227456140350877	0.227456140350877	0.227456140350877
GTEX-131YS-0626-SM-5EGKL	0.227456140350877	0.227456140350877	0.227456140350877
GTEX-133LE-1726-SM-5K7VQ	0.227456140350877	0.227456140350877	0.227456140350877
GTEX-13CF3-2126-SM-5IFJP	0.227456140350877	0.227456140350877	0.227456140350877
GTEX-13D11-1026-SM-5IJFB	0.227456140350877	0.227456140350877	0.227456140350877
GTEX-13FTX-1126-SM-5N9EN	0.227456140350877	0.227456140350877	0.227456140350877
GTEX-13FTY-2226-SM-5J1ND	0.227456140350877	0.227456140350877	0.227456140350877
GTEX-13NZ8-0126-SM-5IJCT	0.227456140350877	0.227456140350877	0.227456140350877
GTEX-13O3O-0826-SM-5K7WE	0.227456140350877	0.227456140350877	0.227456140350877
GTEX-13PL6-2926-SM-5L3I2	0.227456140350877	0.227456140350877	0.227456140350877
GTEX-13PVR-2226-SM-7DHKP	0.227456140350877	0.227456140350877	0.227456140350877
GTEX-13QIC-2326-SM-5LU5N	0.227456140350877	0.227456140350877	0.227456140350877
GTEX-13W3W-1226-SM-5LU4H	0.227456140350877	0.227456140350877	0.227456140350877
GTEX-146FH-0826-SM-5SI8T	0.227456140350877	0.227456140350877	0.227456140350877
GTEX-14BMU-1626-SM-5TDE7	0.227456140350877	0.227456140350877	0.227456140350877
GTEX-14H4A-2526-SM-5YYAY	0.227456140350877	0.227456140350877	0.227456140350877
GTEX-14LLW-0626-SM-62LFC	0.227456140350877	0.227456140350877	0.227456140350877
GTEX-14PKU-0426-SM-6EU1P	0.227456140350877	0.227456140350877	0.227456140350877
GTEX-15ER7-1626-SM-6PAMZ	0.227456140350877	0.227456140350877	0.227456140350877
GTEX-15ETS-0626-SM-7KUMX	0.227456140350877	0.227456140350877	0.227456140350877
GTEX-15UF6-0126-SM-6PAMB	0.227456140350877	0.227456140350877	0.227456140350877
GTEX-16BQI-1026-SM-7KUEA	0.227456140350877	0.227456140350877	0.227456140350877
GTEX-17F98-0526-SM-79OK5	0.227456140350877	0.227456140350877	0.227456140350877
GTEX-17JCI-0726-SM-7EPH1	0.227456140350877	0.227456140350877	0.227456140350877
GTEX-183WM-0726-SM-7LTAA	0.227456140350877	0.227456140350877	0.227456140350877
GTEX-18A7A-0726-SM-7LTAI	0.227456140350877	0.227456140350877	0.227456140350877
GTEX-1AMEY-1026-SM-718AA	0.227456140350877	0.227456140350877	0.227456140350877
GTEX-1B932-0826-SM-73KXG	0.227456140350877	0.227456140350877	0.227456140350877
GTEX-1B933-2526-SM-7IGO5	0.227456140350877	0.227456140350877	0.227456140350877
GTEX-1B97J-0426-SM-79OLQ	0.227456140350877	0.227456140350877	0.227456140350877
GTEX-1C475-1226-SM-7SB72	0.227456140350877	0.227456140350877	0.227456140350877
GTEX-1EWIQ-1726-SM-7SB7T	0.227456140350877	0.227456140350877	0.227456140350877
GTEX-1F5PL-1026-SM-7RHI1	0.227456140350877	0.227456140350877	0.227456140350877
GTEX-1GF9U-1726-SM-7MGY5	0.227456140350877	0.227456140350877	0.227456140350877
GTEX-1GMR8-0726-SM-9KNVI	0.227456140350877	0.227456140350877	0.227456140350877
GTEX-1GN1U-0526-SM-9KNTT	0.227456140350877	0.227456140350877	0.227456140350877
GTEX-1GN1W-1926-SM-7P8TH	0.227456140350877	0.227456140350877	0.227456140350877
GTEX-1GZHY-0726-SM-9WG6B	0.227456140350877	0.227456140350877	0.227456140350877
GTEX-1I4MK-1626-SM-CM2TJ	0.227456140350877	0.227456140350877	0.227456140350877
GTEX-1ICG6-1326-SM-ACKWR	0.227456140350877	0.227456140350877	0.227456140350877
GTEX-1IDJE-0826-SM-CKZNZ	0.227456140350877	0.227456140350877	0.227456140350877
GTEX-1JMOU-2026-SM-CMKGU	0.227456140350877	0.227456140350877	0.227456140350877
GTEX-1JN1M-3026-SM-CMKGK	0.227456140350877	0.227456140350877	0.227456140350877
GTEX-1K9T9-1426-SM-DIPFQ	0.227456140350877	0.227456140350877	0.227456140350877
GTEX-1LNCM-0226-SM-DIPF4	0.227456140350877	0.227456140350877	0.227456140350877
GTEX-1LVAM-0926-SM-E9TJ2	0.227456140350877	0.227456140350877	0.227456140350877
GTEX-1MA7W-1026-SM-DKPQK	0.227456140350877	0.227456140350877	0.227456140350877
GTEX-1MCYP-0126-SM-E6CIS	0.227456140350877	0.227456140350877	0.227456140350877
GTEX-1NUQO-2226-SM-E9U68	0.227456140350877	0.227456140350877	0.227456140350877
GTEX-1POEN-0926-SM-DTX88	0.227456140350877	0.227456140350877	0.227456140350877
GTEX-1QCLZ-2326-SM-DTXDO	0.227456140350877	0.227456140350877	0.227456140350877
GTEX-1QEPI-0926-SM-DTXF3	0.227456140350877	0.227456140350877	0.227456140350877
GTEX-1QP28-1226-SM-E9J2M	0.227456140350877	0.227456140350877	0.227456140350877
GTEX-1QPFJ-2026-SM-EVYBE	0.227456140350877	0.227456140350877	0.227456140350877
GTEX-1R46S-2526-SM-E8VN2	0.227456140350877	0.227456140350877	0.227456140350877
GTEX-1R9JW-0326-SM-EAZ45	0.227456140350877	0.227456140350877	0.227456140350877
GTEX-1R9PN-0326-SM-DTX85	0.227456140350877	0.227719298245614	0.227456140350877
GTEX-1S82U-1126-SM-E9U6I	0.227456140350877	0.227456140350877	0.227456140350877
GTEX-1S82Z-0726-SM-E6CHX	0.227456140350877	0.227456140350877	0.227456140350877
GTEX-Q2AG-0326-SM-48U1O	0.227456140350877	0.227456140350877	0.227456140350877
GTEX-QVJO-1826-SM-447C9	0.227456140350877	0.227456140350877	0.227456140350877
GTEX-R3RS-0626-SM-48FE1	0.227456140350877	0.227456140350877	0.227456140350877
GTEX-R53T-1526-SM-48FEK	0.227456140350877	0.227456140350877	0.227456140350877
GTEX-RWS6-1926-SM-47JXY	0.227456140350877	0.227456140350877	0.227456140350877
GTEX-S32W-2026-SM-4AD6E	0.227456140350877	0.227456140350877	0.227456140350877
GTEX-S4P3-1326-SM-4AD6V	0.227456140350877	0.227456140350877	0.227456140350877
GTEX-S4UY-0726-SM-4AD6X	0.227456140350877	0.227456140350877	0.227456140350877
GTEX-SE5C-2126-SM-4BRUJ	0.227456140350877	0.227719298245614	0.227456140350877
GTEX-T2IS-1526-SM-32QPR	0.227456140350877	0.227456140350877	0.227456140350877
GTEX-T5JW-2026-SM-4DM63	0.227456140350877	0.227719298245614	0.227456140350877
GTEX-T6MO-0326-SM-32QOK	0.227456140350877	0.227456140350877	0.227456140350877
GTEX-TMMY-0726-SM-33HBE	0.227456140350877	0.227456140350877	0.227456140350877
GTEX-U3ZN-1926-SM-4DXSG	0.227456140350877	0.227456140350877	0.227456140350877
GTEX-VJWN-0726-SM-3GIJ8	0.227456140350877	0.227456140350877	0.227456140350877
GTEX-WRHU-0326-SM-3MJFY	0.227456140350877	0.227456140350877	0.227456140350877
GTEX-WYVS-1726-SM-3NMAY	0.227456140350877	0.227456140350877	0.227456140350877
GTEX-X15G-1626-SM-3NMB3	0.227456140350877	0.227456140350877	0.227456140350877
GTEX-X4EP-2926-SM-3P5YQ	0.227456140350877	0.227456140350877	0.227456140350877
GTEX-XMD2-0926-SM-4WWEF	0.227456140350877	0.227456140350877	0.227456140350877
GTEX-XOT4-0726-SM-4GIAW	0.227456140350877	0.227456140350877	0.227456140350877
GTEX-XUW1-2326-SM-4BOO5	0.227456140350877	0.227456140350877	0.227456140350877
GTEX-XUZC-1626-SM-4BRVP	0.227456140350877	0.227456140350877	0.227456140350877
GTEX-XV7Q-2326-SM-4BRVZ	0.227456140350877	0.227456140350877	0.227456140350877
GTEX-Y5LM-1726-SM-4VDSX	0.227456140350877	0.227456140350877	0.227456140350877
GTEX-Y5V5-2126-SM-4WWFO	0.227456140350877	0.227456140350877	0.227456140350877
GTEX-Y8LW-1626-SM-5IFHX	0.227456140350877	0.227456140350877	0.227456140350877
GTEX-YB5K-1626-SM-5IFIN	0.227456140350877	0.227456140350877	0.227456140350877
GTEX-YFC4-1426-SM-5IFJG	0.227456140350877	0.227456140350877	0.227456140350877
GTEX-ZC5H-2626-SM-5J2MG	0.227456140350877	0.227456140350877	0.227456140350877
GTEX-ZF29-1926-SM-5S2P1	0.227456140350877	0.227456140350877	0.227456140350877
GTEX-ZF2S-2026-SM-5E461	0.227456140350877	0.227456140350877	0.227456140350877
GTEX-ZF3C-2326-SM-5S2NC	0.227456140350877	0.227456140350877	0.227456140350877
GTEX-ZGAY-1726-SM-DO91P	0.227456140350877	0.227456140350877	0.227456140350877
GTEX-ZLV1-1426-SM-DO92Z	0.227456140350877	0.227456140350877	0.227456140350877
GTEX-ZPIC-1126-SM-5BC7F	0.227456140350877	0.227456140350877	0.227456140350877
GTEX-ZQG8-0726-SM-5P9H9	0.227456140350877	0.227456140350877	0.227456140350877
GTEX-ZTPG-2826-SM-57WGA	0.227456140350877	0.227456140350877	0.227456140350877
GTEX-ZV6S-1826-SM-5NQ8D	0.227456140350877	0.227456140350877	0.227456140350877
GTEX-ZVT2-1826-SM-5NQ8W	0.227456140350877	0.227456140350877	0.227456140350877
GTEX-ZVT4-1026-SM-57WC4	0.227456140350877	0.227456140350877	0.227456140350877
GTEX-ZVZQ-0826-SM-51MRF	0.227456140350877	0.227456140350877	0.227456140350877
GTEX-ZXES-0826-SM-5E43C	0.227456140350877	0.227456140350877	0.227456140350877
GTEX-ZZPU-0626-SM-5E43T	0.227456140350877	0.227456140350877	0.227456140350877
